15
UM UM

0 1 0 2 2
0 1 0 3 2
0 1 0 4 2
0 1 0 5 2
0 1 0 2 3
0 1 0 2 4
0 1 0 2 5
0 1 0 2 6
0 1 0 3 6
0 1 0 4 6
0 1 0 5 6
0 1 0 5 5
0 1 0 5 4
0 1 0 4 4
0 1 0 7 2
0 1 0 8 2
0 1 0 9 2
0 1 0 10 2
0 1 0 7 3
0 1 0 7 4
0 1 0 8 4
0 1 0 9 4
0 1 0 10 4
0 1 0 7 5
0 1 0 7 6
0 1 0 8 6
0 1 0 9 6
0 1 0 10 6
0 1 0 12 2
0 1 0 13 2
0 1 0 14 2
0 1 0 15 2
0 1 0 12 3
0 1 0 12 4
0 1 0 12 5
0 1 0 12 6
0 1 0 15 3
0 1 0 15 4
0 1 0 15 5
0 1 0 15 6
0 1 0 13 6
0 1 0 14 6
1 0 180 2 9
1 0 180 3 9
1 0 180 4 9
1 0 180 5 9
1 0 180 6 9
1 0 180 7 9
1 0 180 8 9
1 0 180 9 9
1 0 180 10 9
1 0 180 11 9
1 0 180 12 9
1 0 180 13 9
1 0 180 14 9
1 0 180 15 9
1 0 0 2 8
1 0 0 3 8
1 0 0 4 8
1 0 0 5 8
1 0 0 6 8
1 0 0 7 8
1 0 0 8 8
1 0 0 9 8
1 0 0 10 8
1 0 0 11 8
1 0 0 12 8
1 0 0 13 8
1 0 0 14 8
1 0 0 15 8
1 0 180 2 0
1 0 180 3 0
1 0 180 4 0
1 0 180 5 0
1 0 180 6 0
1 0 180 7 0
1 0 180 8 0
1 0 180 9 0
1 0 180 10 0
1 0 180 11 0
1 0 180 12 0
1 0 180 13 0
1 0 180 14 0
1 0 180 15 0