22
ML U

1 0 90 3 0
0 0 90 4 0
0 0 0 15 0
1 0 0 2 1
1 2 0 3 1
0 0 90 4 1
0 0 0 14 1
1 1 270 15 1
1 1 180 15 1
1 1 90 15 1
0 0 0 16 1
0 0 0 2 2
0 0 0 3 2
0 0 0 4 2
0 0 0 13 2
1 1 270 14 2
1 1 180 14 2
1 0 180 4 3
0 0 0 5 3
0 0 0 12 3
1 1 270 13 3
1 1 180 13 3
1 0 180 5 4
0 0 0 6 4
0 0 0 7 4
0 0 0 8 4
0 0 0 9 4
0 0 0 10 4
0 0 0 11 4
1 1 270 12 4
1 1 180 12 4
1 2 180 6 5
1 0 180 7 5
1 0 180 8 5
1 0 180 9 5
1 0 180 10 5
1 2 180 11 5
1 2 180 16 2
1 1 90 1 2
1 0 180 2 3
1 2 180 3 3
1 2 0 16 5
1 1 90 15 6
0 0 90 16 6
1 1 90 14 7
1 1 0 15 6
0 0 0 15 7
0 0 270 17 6
1 2 0 17 5
0 0 0 16 7
1 1 0 14 7
1 1 0 13 7
1 1 0 12 8
1 1 90 12 8
0 0 0 13 8
0 0 0 14 8
1 2 0 3 7
1 2 0 2 8
0 0 90 3 8
1 0 0 4 8
1 0 0 0 9
1 0 0 1 9
0 0 0 2 9
0 0 0 3 9
0 0 0 4 9
1 2 0 5 9
1 0 0 6 9
1 2 0 7 9
1 0 0 8 9
1 2 0 9 9
1 0 0 10 9
1 2 0 11 9
0 0 0 12 9
0 0 0 13 9