23
L U

1 0 90 2 7
1 0 90 2 6
1 0 90 2 5
1 0 90 2 4
1 0 90 2 3
1 0 90 2 2
1 0 90 2 1
1 0 90 2 0
0 1 0 3 0
0 1 0 3 1
0 1 0 3 2
0 1 0 3 3
0 1 0 3 4
0 1 0 3 5
0 1 0 3 6
0 1 0 3 7
1 1 180 3 8
1 0 270 4 0
1 0 270 4 1
1 0 270 4 2
1 0 270 4 3
1 0 270 4 4
1 0 270 4 5
1 0 270 4 6
1 0 270 4 7
1 0 90 16 7
1 0 90 16 6
1 0 90 16 5
1 0 90 16 4
1 0 90 16 3
1 0 90 16 2
1 0 90 16 8
1 0 90 16 9
0 1 0 17 8
0 1 0 17 9
0 1 0 17 2
0 1 0 17 3
0 1 0 17 4
0 1 0 17 5
0 1 0 17 6
0 1 0 17 7
1 1 0 17 1
1 0 270 18 8
1 0 270 18 9
1 0 270 18 2
1 0 270 18 3
1 0 270 18 4
1 0 270 18 5
1 0 270 18 6
1 0 270 18 7