26
UM ML

0 3 0 9 2
1 3 0 9 1
1 3 180 9 3
1 3 90 8 2
1 3 270 10 2
0 3 0 3 7
1 3 0 3 6
1 3 180 3 8
1 3 90 2 7
1 3 270 4 7
0 3 0 21 2
1 3 0 21 1
1 3 180 21 3
1 3 90 20 2
1 3 270 22 2
0 3 0 15 7
1 3 0 15 6
1 3 180 15 8
1 3 90 14 7
1 3 270 16 7
1 4 180 1 0
1 4 180 2 0
1 4 180 3 0
1 4 180 4 0
1 4 180 5 0
1 4 180 6 0
1 4 180 7 0
1 4 180 8 0
1 3 180 9 0
1 4 180 10 0
1 4 180 11 0
1 4 180 12 0
1 4 180 13 0
1 4 180 14 0
1 4 180 15 0
1 4 180 16 0
1 4 180 17 0
1 4 180 18 0
1 4 180 19 0
1 4 180 20 0
1 3 180 21 0
1 4 180 22 0
1 4 180 23 0
1 4 0 1 9
1 4 0 2 9
1 3 0 3 9
1 4 0 4 9
1 4 0 5 9
1 4 0 6 9
1 4 0 7 9
1 4 0 8 9
1 4 0 9 9
1 4 0 10 9
1 4 0 11 9
1 4 0 12 9
1 4 0 13 9
1 4 0 14 9
1 3 0 15 9
1 4 0 16 9
1 4 0 17 9
1 4 0 18 9
1 4 0 19 9
1 4 0 20 9
1 4 0 21 9
1 4 0 22 9
1 4 0 23 9